0.000131488
0.000163257
0.000164509
0.000139475
0.00014174
0.000135481
0.000150979
0.000138223
0.000126302
0.000146985
0.000147462
0.000161231
0.000156224
0.000161707
0.000137508
0.000126481
0.000138283
0.000134528
0.000142753
0.000157773
0.000145972
0.000127733
0.000139236
0.000156462
0.000142753
0.000159025
0.000143468
0.000145972
0.000168979
0.00014472
0.000185251
0.000138998
0.000161707
6.22272e-05
0.000141799
0.000144243
0.000135243
0.000161469
0.000151753
0.000132501
0.000160754
0.000141025
0.000147223
0.000166476
0.000117779
0.000111997
0.000127017
0.000148773
0.000166237
0.000149965
0.000145018
0.000169218
0.000138521
0.000127017
0.000145257
0.000140548
0.000120759
0.000100493
0.000149012
0.000147998
0.000147998
0.000139713
0.000142992
0.000145257
0.000147998
0.000140727
0.000167966
0.000168502
0.000139475
0.000123262
8.7738e-05
0.000145018
0.000132024
0.00014627
0.00014776
0.000138521
0.000119984
0.000172973
0.000160992
0.000166535
0.00015074
0.000146747
0.000157237
0.000122726
0.00011301
3.77297e-05
5.47171e-05
4.12464e-05
7.27177e-05
0.000135779
7.27773e-05
5.9247e-05
3.74913e-05
0.00014323
0.000163972
6.9797e-05
6.50287e-05
7.70092e-05
6.3777e-05
0.00015223
===================
Media: 0.0134319
Desviacion estandar: 3.18637e-05
