9.72748e-05
0.000153542
0.000118494
0.000249803
0.000167489
0.000132263
0.000123739
0.000117958
0.000340998
0.000103474
0.000115275
0.000161767
0.000317037
0.000151277
0.00010401
0.00030899
0.0003075
0.000286758
0.000118494
0.000223219
0.000221789
0.000123262
0.000235796
0.000244737
0.000160992
0.000208259
0.000317991
0.000106215
0.000103712
8.55327e-05
0.000113487
0.000120759
0.000107467
0.000192523
0.000132263
0.000260234
0.000244498
0.000299513
0.000112534
0.000124037
0.000315249
0.000317216
0.000321031
0.000112236
0.000172734
0.000115991
0.000118017
0.000258803
0.00019598
0.000121772
0.000116527
0.000119805
0.000191748
0.000124991
0.00025022
0.000317991
0.000318766
9.97782e-05
0.000111997
0.000204504
0.000219464
0.000275731
0.00017029
9.37581e-05
0.000326753
0.000221491
0.000327229
0.00011003
0.000313997
0.000330746
0.000330985
0.000324726
0.000307262
0.000242472
0.000250995
0.000313759
0.000317514
0.00018847
0.000322759
0.000105202
0.000319481
0.000218511
8.92878e-05
0.000195503
0.000258029
0.000326991
0.000233769
0.000180781
0.000299037
0.000310242
0.00015521
0.000167012
0.000191987
0.000111759
0.00011754
6.44922e-05
0.000316501
0.000328004
8.22544e-05
0.000317216
===================
Media: 0.0204976
Desviacion estandar: 8.62708e-05
