0.00010103
0.000104725
0.00011003
9.12547e-05
0.000120759
1.94907e-05
0.000109792
0.000139475
0.000113726
8.89897e-05
7.32541e-05
9.4533e-05
2.80142e-05
4.42266e-05
0.000125468
8.67248e-05
9.39965e-05
0.000112474
0.000102222
0.000109494
0.000152469
4.62532e-05
0.000112236
9.47714e-05
0.000106752
6.97374e-05
0.000103772
0.000101745
8.92282e-05
8.49962e-05
0.000101805
0.000117242
0.000108242
0.00010848
4.27365e-05
0.000109255
9.57251e-05
0.000100017
0.000101268
9.39965e-05
3.22461e-05
9.32813e-05
0.000102758
0.000103772
8.69632e-05
9.42349e-05
9.0003e-05
2.95043e-05
8.70228e-05
7.90358e-05
9.52482e-05
9.12547e-05
9.57847e-05
0.000102222
0.000101507
4.72665e-05
9.72152e-05
0.000122488
0.00011301
9.25064e-05
6.22272e-05
0.000121534
9.04799e-05
0.000104964
7.47442e-05
0.000109494
0.000101507
0.000109196
0.000103533
0.000123262
8.47578e-05
0.00010699
0.000133991
0.000108719
0.000108957
0.000110745
0.000100017
9.02414e-05
9.17912e-05
8.40425e-05
3.17693e-05
8.55327e-05
3.79682e-05
5.82337e-05
5.37634e-05
6.10352e-05
0.000113249
0.000114977
9.47118e-05
0.000101745
9.57847e-05
8.87513e-05
7.57575e-05
0.000102997
9.47118e-05
9.87649e-05
8.77976e-05
0.000104249
0.000100255
===================
Media: 0.00919098
Desviacion estandar: 2.46821e-05
