 0.000058 
 0.000165 
 0.000167 
 0.000182 
 0.000165 
 0.000165 
 0.000187 
 0.000161 
 0.000162 
 0.000164 
 0.000166 
 0.000165 
 0.000170 
 0.000170 
 0.000162 
 0.000180 
 0.000172 
 0.000174 
 0.000206 
 0.000189 
 0.000190 
 0.000167 
 0.000200 
 0.000167 
 0.000073 
 0.000195 
 0.000250 
 0.000188 
 0.000163 
 0.000167 
 0.000154 
 0.000192 
 0.000194 
 0.000135 
 0.000165 
 0.000190 
 0.000193 
 0.000076 
 0.000190 
 0.000165 
 0.000190 
 0.000069 
 0.000186 
 0.000184 
 0.000188 
 0.000210 
 0.000158 
 0.000201 
 0.000206 
 0.000168 
 0.000203 
 0.000197 
 0.000054 
 0.000163 
 0.000170 
 0.000176 
 0.000186 
 0.000200 
 0.000051 
 0.000193 
 0.000169 
 0.000144 
 0.000189 
 0.000194 
 0.000175 
 0.000163 
 0.000196 
 0.000192 
 0.000201 
 0.000162 
 0.000203 
 0.000188 
 0.000178 
 0.000141 
 0.000190 
 0.000062 
 0.000196 
 0.000157 
 0.000099 
 0.000203 
 0.000187 
 0.000193 
 0.000196 
 0.000149 
 0.000180 
 0.000192 
 0.000196 
 0.000205 
 0.000165 
 0.000125 
 0.000165 
 0.000192 
 0.000044 
 0.000200 
 0.000147 
 0.000169 
 0.000225 
 0.000242 
 0.000157 
 0.000193 
===================
Media: 0.017021
Desviacion estandar: 3.88611e-05
